ComponentLib_CopyRight©Paradixe
Begin
Name	Inductor
Short	L
ImgPath	LibPNG/Inductor.png
Paints
-311.5	0	191.5	211
2	0
103	168.5	0	168.5
5	0
101.5	211
L
2	0
400	168.5	503	168.5
5	0
424.5	209
R
4	0
300	108.5	100	120
4	0
200	108.5	100	120
4	0
311.5	0	-1	-1
4	0
100	108.5	100	120
End
Begin
Name	Res2
Short	R
ImgPath	LibPNG/Res2.png
Paints
-271.5	0	171.5	171.656
2	0
103	88.5	0	88.5
5	0
102.5	129
L
2	0
340	88.5	443	88.5
5	0
363.5	129
R
1	0
319.844	171.656	343.156	88.3439
1	0
279.844	8.34386	323.156	171.656
1	0
123.156	8.34386	99.8439	91.6561
1	0
121.5	70	121.5	70
1	0
101.5	50	101.5	50
1	0
101.5	70	101.5	70
1	0
239.844	171.656	283.156	8.34386
1	0
199.844	8.34386	243.156	171.656
1	0
159.844	171.656	203.156	8.34386
1	0
119.844	8.34386	163.156	171.656
End
Begin
Name	NPN
Short	Q
ImgPath	LibPNG/NPN.png
Paints
-71.5	-31.5	119	291.5
2	0
160	220	160	323
5	0
190.5	259.5
C
2	0
160	103	160	0
5	0
189.5	107.5
E
2	0
103	160	0	160
5	0
95.5	202.5
B
1	0
99.8536	159.854	163.146	223.146
1	0
161.5	201.5	161.5	201.5
1	0
161.5	201.5	161.5	201.5
1	0
163.212	99.7879	139.788	143.212
1	0
119.788	123.212	163.212	99.7879
1	0
99.8536	163.146	163.146	99.8536
1	0
100	100	100	223
1	0
81.5	141.5	81.5	141.5
1	0
101.5	141.5	101.5	141.5
1	0
121.5	141.5	121.5	141.5
1	0
121.5	141.5	121.5	141.5
1	0
141.5	141.5	141.5	141.5
1	0
141.5	121.5	141.5	121.5
1	0
141.5	121.5	141.5	121.5
1	0
121.5	181.5	121.5	181.5
1	0
161.5	101.5	161.5	101.5
1	0
161.5	121.5	161.5	121.5
1	0
161.5	101.5	161.5	101.5
1	0
121.5	121.5	121.5	121.5
1	0
141.5	181.5	141.5	181.5
1	0
121.5	141.5	121.5	141.5
1	0
121.5	141.5	121.5	141.5
1	0
81.5	141.5	81.5	141.5
1	0
101.5	141.5	101.5	141.5
End
Begin
Name	PNP
Short	Q
ImgPath	LibPNG/PNP.png
Paints
-71.5	-31.5	116	291.5
2	0
160	220	160	323
5	0
187.5	256.5
C
2	0
160	103	160	0
5	0
187.5	110.5
E
2	0
103	160	0	160
5	0
100.5	198.5
B
1	0
99.7879	163.212	143.212	139.788
1	0
141.5	161.5	141.5	161.5
1	0
141.5	161.5	141.5	161.5
1	0
123.212	119.788	99.7879	163.212
1	0
141.5	161.5	141.5	161.5
1	0
121.5	161.5	121.5	161.5
1	0
99.8536	159.854	163.146	223.146
1	0
99.8536	163.146	163.146	99.8536
1	0
141.5	161.5	141.5	161.5
1	0
100	100	100	223
End
Begin
Name	Cap
Short	C
ImgPath	LibPNG/Cap.png
Paints
-151.5	0	111.5	211.5
2	0
160	128.5	263	128.5
5	0
185.5	170
R
2	0
103	128.5	0	128.5
5	0
98.5	171
L
1	0
160	48.5	160	211.5
1	0
201.5	110	201.5	110
1	0
201.5	110	201.5	110
1	0
201.5	110	201.5	110
1	0
181.5	110	181.5	110
1	0
100	48.5	100	211.5
1	0
121.5	110	121.5	110
End
Begin
Name	Res1
Short	R
ImgPath	LibPNG/Res1.png
Paints
-231.5	0	311.5	131.5
2	0
103	68.5	0	68.5
5	0
98.5	108
L
2	0
440	68.5	543	68.5
5	0
466.5	110
R
3	0
8.5	100	131.5	443
End
Begin
Name	Power
Short	V
ImgPath	LibPNG/Power.png
Paints
-151.5	-11.5	111.5	271.5
2	0
103	140	0	140
5	0
99.5	179.5
+
2	0
160	140	263	140
5	0
188.5	182.5
-
1	0
160	80	160	203
1	0
100	0	100	283
3	0
100	160	103	163
3	0
100	160	103	163
EndBegin
Name	Switch
Short	S
ImgPath	LibPNG/Switch.png
Paints
-111.5	0	291.5	151
1	0
263.205	48.2949	119.795	111.705
2	0
280	108.5	403	108.5
5	0
305.5	151
R
2	0
123	108.5	0	108.5
5	0
121.5	149
L
3	0
88.5	220	91.5	223
3	0
108.5	200	111.5	203
3	0
108.5	200	111.5	2030	0100.5	111	119.5	1300	0100.5	270	119.5	288
End
